Frame	Face detected (50%)	Face detected	Both eyes detected	Face TP (%)	Face TN (%)	Face FP (%)	Face FN (%)	Face F	Left corner dist.	Right corner dist.	Yawn detected	Yawn detected correctly
1	1	1	0	90.7788	99.1114	9.22118	6.65767	0.919575	58.7282	68.4105	0	1
2	1	1	0	89.4929	98.9886	10.5071	6.82808	0.9117	58.7963	70	0	1
3	1	1	0	89.4804	98.9867	10.5196	7.53345	0.908367	59.5483	69.4046	0	1
4	1	1	0	88.5017	98.8932	11.4983	7.7985	0.901698	58.0517	71.4003	0	1
5	1	1	0	88.2481	98.8697	11.7519	7.2415	0.902842	0	0	0	1
6	1	1	0	90.7526	99.1092	9.2474	6.35825	0.920828	57.3847	71.4003	0	1
7	1	1	0	88.6153	98.9056	11.3847	6.25758	0.909468	58.7282	69.814	0	1
8	1	1	0	87.2918	98.7788	12.7082	7.22775	0.897512	59.4643	71.4003	0	1
9	1	1	0	90.0655	99.043	9.93445	7.02452	0.913953	59.4643	70	0	1
10	1	1	0	89.7448	99.0123	10.2552	7.15127	0.911596	59.4643	70.6045	0	1
11	1	1	0	89.4535	98.9848	10.5465	6.90215	0.911137	59.4643	70.6045	0	1
12	1	1	0	90.408	99.0754	9.59199	7.38184	0.914183	59.4643	71.4003	0	1
13	1	1	0	90.3293	99.0669	9.67067	8.46516	0.908771	58.7963	70.6045	0	1
14	1	1	0	88.7781	98.9204	11.2219	6.947	0.907172	60.208	69.814	0	1
15	1	1	0	91.7758	99.2057	8.22418	8.02332	0.918681	60.1415	69.814	0	1
16	1	1	0	90.9323	99.1257	9.06773	7.04465	0.918615	58.0517	69.814	0	1
17	1	1	0	89.3324	98.9727	10.6676	7.41814	0.908078	60.208	71.218	0	1
18	1	1	0	89.6837	99.0071	10.3163	6.49871	0.914289	58.7963	69.029	0	1
19	1	1	0	91.8066	99.2065	8.19338	10.7778	0.906354	58.0517	67.624	0	0
20	1	1	0	92.1055	99.2332	7.89451	13.5968	0.895522	0	2	0	0
21	1	1	1	94.7093	99.4853	5.29069	12.6073	0.913668	1.04403	2.40416	0	0
22	1	1	1	95.4914	99.5613	4.50859	11.9638	0.920598	1.90318	3.66391	0	0
23	1	1	1	94.0924	99.425	5.90756	13.7023	0.905629	1.09626	4.10499	0	0
24	1	1	1	94.9768	99.5112	5.0232	12.4368	0.91582	1.08029	4.16694	0	0
25	1	1	1	95.1099	99.5229	4.89008	15.1306	0.904773	1.49246	3.02763	0	0
26	1	1	1	94.4128	99.4565	5.58717	12.7029	0.911692	0.269852	1.26617	0	0
27	1	1	1	95.7431	99.5851	4.25687	13.4858	0.9152	2.20172	4.14958	0	0
28	1	1	1	94.9803	99.5121	5.01965	11.2901	0.92093	2.21447	2.19138	0	0
29	1	1	1	93.9671	99.4139	6.03295	11.853	0.913099	2.22958	3.65327	0	0
30	1	1	1	94.4048	99.4569	5.5952	10.5631	0.921167	1.41268	2.25153	0	0
31	1	1	1	93.8627	99.4035	6.13725	12.5047	0.909666	2.82797	3.05183	0	0
32	1	1	1	94.9976	99.5136	5.00238	11.7301	0.91906	2.02235	4.87777	0	0
33	1	1	1	96.3135	99.6413	3.68649	11.0101	0.929113	1.69646	2.20881	0	0
34	1	1	1	96.893	99.7039	3.10704	13.5423	0.920882	2.10776	0.400441	0	0
35	1	1	1	94.47	99.463	5.53	10.8651	0.920155	0.731599	1.86686	0	0
36	1	1	1	95.5295	99.5654	4.47054	11.032	0.92495	2.15188	4.09472	0	0
37	1	1	1	94.7136	99.4872	5.28642	9.62377	0.927031	2.80587	3.49964	0	0
38	1	1	1	93.5245	99.3715	6.47555	11.2702	0.913349	2.99263	4.21551	0	0
39	1	1	1	95.8537	99.6046	4.14634	14.9992	0.9092	2.50569	2.02066	0	0
40	1	1	1	95.4388	99.5664	4.56125	12.2149	0.919211	2.96311	3.2445	0	0
41	1	1	1	94.4177	99.4691	5.58232	13.7031	0.907335	3.94821	5.12448	0	0
42	1	1	1	93.5496	99.3884	6.45043	11.4428	0.912713	2.9824	3.16475	0	0
43	1	1	1	94.0416	99.4223	5.95844	9.71379	0.923083	1.99449	3.04948	0	0
44	1	1	1	93.3845	99.3598	6.6155	8.52092	0.925032	0.998326	3.43321	0	0
45	1	1	1	93.3932	99.3731	6.60681	12.2999	0.908083	0.999491	2.78439	0	0
46	1	1	1	92.3971	99.2798	7.60293	11.5549	0.906067	1.99985	2.21921	0	0
47	1	1	1	93.4418	99.3632	6.55822	11.7963	0.91057	1.69995	3.3567	0	0
48	1	1	1	92.638	99.2862	7.36202	11.1728	0.909059	1.20999	3.07648	0	0
49	1	1	1	92.3394	99.2582	7.66063	10.1342	0.912113	1.25782	3.2446	0	0
50	1	1	1	93.9948	99.4165	6.0052	12.047	0.912386	1.9289	3.64951	0	0
51	1	1	1	94.096	99.4264	5.90395	11.8626	0.913737	1.97867	3.16861	0	0
52	1	1	1	94.3292	99.4492	5.67081	11.2899	0.917514	2.50212	4.04096	0	0
53	1	1	1	94.2176	99.4374	5.78235	13.196	0.9085	1.08808	1.57148	0	0
54	1	1	1	94.2279	99.4389	5.77207	12.1533	0.913144	2.02642	2.26523	0	0
55	1	1	1	95.3087	99.5433	4.6913	12.7146	0.916327	1.97915	1.42778	0	0
56	1	1	1	95.226	99.5348	4.77401	13.6704	0.911706	2.15805	1.97725	0	0
57	1	1	1	94.6206	99.4753	5.37938	15.3427	0.901306	1.39575	3.72716	0	0
58	1	1	1	93.414	99.3409	6.58595	9.28613	0.921697	1.2142	1.45982	0	0
59	1	1	1	94.8282	99.4968	5.17181	12.4954	0.914784	2.2994	1.0623	0	0
60	1	1	1	96.7436	99.6815	3.25639	15.9773	0.909583	0.977088	3.24955	0	0
61	1	1	1	94.826	99.4968	5.17405	12.0958	0.916539	1.02682	1.23772	0	0
62	1	1	1	95.959	99.6052	4.04102	15.7504	0.906516	2.00804	0.218101	0	0
63	1	1	1	96.4602	99.6556	3.53979	10.9049	0.930342	1.41643	1.10682	0	0
64	1	1	1	93.9139	99.4229	6.08614	11.1847	0.915792	2.23659	2.05693	0	0
65	1	1	1	94.1582	99.4336	5.84176	9.5486	0.924448	1.83865	2.07595	0	1
66	1	1	1	93.4482	99.3811	6.55175	7.5381	0.929896	2.2927	2.05542	0	1
67	1	1	1	91.5316	99.2006	8.46838	8.79649	0.913817	2.76907	2.30937	0	1
68	1	1	1	90.5223	99.1084	9.47765	6.0899	0.920821	2.83684	4.2857	0	1
69	1	1	1	91.2954	99.1806	8.70461	5.96094	0.925652	1.62674	3.79578	0	1
70	1	1	1	89.9558	99.0559	10.0442	5.78591	0.919127	1.52765	3.75976	0	1
71	1	1	1	93.2345	99.3959	6.76547	8.80475	0.922935	2.80566	0.858435	0	1
72	1	1	1	94.0811	99.4712	5.91889	8.53243	0.928675	4.38667	1.66127	0	1
73	1	1	1	95.0743	99.5593	4.92571	9.06066	0.931485	2.29868	1.06931	0	1
74	1	1	1	91.8681	99.2594	8.13189	5.53383	0.930772	2.8927	1.97941	0	1
75	1	1	1	91.0683	99.1879	8.93173	4.5606	0.931031	2.20896	2.11418	0	1
76	1	1	1	91.9592	99.2678	8.04076	5.36973	0.93204	1.9807	2.08946	0	1
77	1	1	1	92.3178	99.2993	7.68218	6.76233	0.927444	1.99419	1.54889	0	1
78	1	1	1	91.0392	99.184	8.96085	6.28252	0.922749	1.22023	3.4043	0	1
79	1	1	1	89.947	99.0846	10.053	7.36734	0.911713	3.19121	1.93603	0	1
80	1	1	1	91.7562	99.2503	8.24376	4.08423	0.937051	2.00002	2.7496	0	1
81	1	1	1	92.1047	99.2802	7.8953	6.4355	0.927819	2.23964	3.24215	0	1
82	1	1	1	90.3115	99.0898	9.68846	4.84268	0.92554	1.21926	2.05081	0	1
83	1	1	1	90.3742	99.1248	9.62582	5.31306	0.923659	2.42505	2.30223	0	1
84	1	1	1	91.1131	99.1905	8.88688	6.49312	0.922168	1.06377	1.50874	0	1
85	1	1	1	90.796	99.1617	9.20405	6.71543	0.9194	3.00197	1.4425	0	1
86	1	1	1	90.1984	99.1083	9.80163	6.11638	0.918916	2.25086	1.41712	0	1
87	1	1	1	92.2056	99.2887	7.79439	7.48016	0.923507	2.70002	2.23875	0	1
88	1	1	1	90.2106	99.08	9.7894	5.40368	0.922331	1.75676	5.18589	0	1
89	1	1	1	77.5849	97.63	22.4151	4.15697	0.853792	2.47703	4.41254	0	1
90	1	0	0	67.4469	96.1548	32.5531	2.71392	0.792743	
91	1	0	0	55.2427	94.4207	44.7573	2.54268	0.700225	
92	1	0	0	50.33	93.9679	49.67	2.30691	0.659474	
93	0	0	0	45.9417	93.6031	54.0583	1.60397	0.622745	
94	0	0	0	41.6699	93.1403	58.3301	0.623743	0.585689	
95	0	0	0	33.6813	92.6273	66.3187	1.27579	0.49914	
96	0	0	0	34.5372	92.7187	65.4628	0.876169	0.5101	
97	0	0	0	35.4414	93.0138	64.5586	0.805584	0.520252	
98	0	0	0	33.4626	92.4621	66.5374	0.579851	0.499284	
99	0	0	0	36.8541	92.6131	63.1459	0.928494	0.53496	
100	0	0	0	41.5828	92.9849	58.4172	1.75547	0.580205	
101	1	0	0	52.8109	94.3609	47.1891	2.99404	0.677911	
102	1	0	0	66.6589	96.2495	33.3411	4.70382	0.777986	
103	1	1	0	82.5702	98.2404	17.4298	6.17968	0.874917	59.4138	73.7835	0	1
104	1	1	0	90.9909	99.132	9.00906	6.31391	0.922339	57.3149	69.6348	0	1
105	1	1	0	91.711	99.2443	8.28896	6.91672	0.923446	55.4437	66.2193	0	1
106	1	1	0	91.5168	99.2448	8.48317	7.03213	0.921857	54.2033	63.6003	0	1
107	1	1	0	94.2767	99.4777	5.72333	5.45287	0.944043	51.1077	60.1415	0	1
108	1	1	0	88.3606	98.9093	11.6394	4.1041	0.9182	47.927	53.1507	0	1
109	1	1	0	74.9405	97.4876	25.0595	6.95156	0.824011	0	49.7393	0	1
110	1	0	0	65.7588	96.4178	34.2412	5.87981	0.766247	
111	1	0	0	50.8649	94.681	49.1351	4.70093	0.653934	
112	1	0	0	51.3017	94.472	48.6983	2.22614	0.668305	
113	0	0	0	43.0705	93.2783	56.9295	2.60097	0.591338	
114	0	0	0	49.586	94.1673	50.414	2.82615	0.650683	
115	0	0	0	49.2202	94.6653	50.7798	6.00924	0.634161	
116	1	0	0	55.9202	95.3345	44.0798	6.36589	0.689156	
117	1	0	0	61.482	95.9896	38.518	5.57849	0.736044	
118	1	0	0	68.1175	96.7584	31.8825	5.69949	0.783784	
119	1	1	0	85.3382	98.592	14.6618	8.5509	0.880278	46.2385	53.4135	0	1
120	1	1	0	91.9429	99.2814	8.05706	8.70171	0.916475	48.3735	60.8276	0	1
121	1	1	0	95.8406	99.6284	4.1594	6.66107	0.946566	11	1	0	1
122	1	1	1	92.7934	99.3203	7.20658	6.56503	0.93092	4.11825	1.14018	0	1
123	1	1	1	84.4139	98.3897	15.5861	5.05326	0.891066	1.18423	4.06854	0	1
124	1	1	1	70.0946	96.6273	29.9054	3.54822	0.807342	0.731448	4.97839	0	1
125	1	0	0	64.0427	95.6347	35.9573	4.87036	0.758292	
126	1	0	0	60.9042	94.9426	39.0958	4.08671	0.738273	
127	1	0	0	53.1029	93.877	46.8971	3.96427	0.676181	
128	1	0	0	51.5676	93.396	48.4324	3.37017	0.665656	
129	0	0	0	49.537	93.1451	50.463	2.61972	0.651132	
130	0	0	0	43.528	92.3906	56.472	2.65285	0.595536	
131	0	0	0	45.1754	92.5965	54.8246	2.61729	0.611335	
132	0	0	0	44.5508	92.5192	55.4492	2.54906	0.605722	
133	0	0	0	45.9872	92.8344	54.0128	2.6611	0.618738	
134	0	0	0	48.5485	93.0249	51.4515	2.12145	0.644435	
135	1	0	0	51.3514	93.3706	48.6486	3.12931	0.664826	
136	1	0	0	55.0115	94.1154	44.9885	3.45716	0.694288	
137	1	0	0	57.2752	94.6529	42.7248	3.67523	0.711712	
138	1	0	0	66.3078	95.9049	33.6922	3.55876	0.780704	
139	1	1	0	70.2876	96.5463	29.7124	3.8756	0.807147	6.20512	0	0	1
140	1	1	1	78.3759	97.7141	21.6241	3.15275	0.86351	5.21366	4.46316	0	1
141	1	1	1	81.4969	98.0953	18.5031	4.43366	0.876638	5.76991	4.85897	0	1
142	1	1	1	87.9897	98.8109	12.0103	3.94878	0.916853	3.56045	5.74569	0	1
143	1	1	1	88.8029	98.924	11.1971	5.70974	0.913081	3.2215	4.44414	0	1
144	1	1	1	91.3671	99.1863	8.6329	7.29064	0.919844	3.64024	2.69279	0	1
145	1	1	1	90.9498	99.1472	9.05017	7.38941	0.917114	3.13211	2.16378	0	1
146	1	1	1	90.4884	99.0837	9.51157	6.67785	0.917889	2.21113	2.7321	0	1
147	1	1	1	89.5519	99.0163	10.4481	7.96633	0.906771	2.3359	2.09777	0	1
148	1	1	1	91.3018	99.1811	8.69816	6.20929	0.924524	2.41281	3.42026	0	1
149	1	1	1	90.0664	99.0647	9.93358	7.45179	0.911981	2.2212	3.52969	0	1
150	1	1	1	90.313	99.0872	9.687	8.11825	0.91027	3.06862	1.62342	0	1
151	1	1	1	90.0766	99.0658	9.92341	7.28591	0.912803	1.35309	1.12379	0	1
152	1	1	1	90.5616	99.1123	9.4384	5.82416	0.922283	3.02823	0.211072	0	1
153	1	1	1	89.6412	99.0042	10.3588	5.28717	0.919735	0.782574	2.14751	0	1
154	1	1	1	88.3167	98.8776	11.6833	5.95343	0.909215	2.20753	1.93917	0	1
155	1	1	1	91.7622	99.2053	8.23784	6.78983	0.924314	1.20465	3.46524	0	1
156	1	1	1	88.0651	98.8542	11.9349	5.53299	0.909772	1.99616	3.0801	0	1
157	1	1	1	90.5806	99.0925	9.41944	6.66886	0.918437	1.43221	1.96512	0	1
158	1	1	1	88.8643	98.9293	11.1357	6.32037	0.910567	1.04122	1.04829	0	1
159	1	1	1	90.4611	99.0808	9.53885	7.01692	0.916164	1.35359	2.27822	0	1
160	1	1	1	88.8229	98.9251	11.1771	6.52112	0.9094	2.2479	3.18679	0	1
161	1	1	1	87.9214	98.8393	12.0786	6.66747	0.903663	1.00788	3.36488	0	1
162	1	1	1	89.6646	99.0069	10.3354	4.74415	0.922434	1.04335	3.30923	0	1
163	1	1	1	90.3017	99.0651	9.69829	7.53664	0.912884	2.19759	2.74656	0	1
164	1	1	1	89.2659	98.9684	10.7341	5.42683	0.916993	2.22422	2.20849	0	1
165	1	1	1	85.8046	98.6406	14.1954	5.11908	0.898836	1.40854	3.59752	0	1
166	1	1	1	88.4486	98.889	11.5514	6.98551	0.90515	1.99759	2.82621	0	1
167	1	1	1	87.6645	98.8129	12.3355	8.35855	0.894431	1.00072	2.02205	0	1
168	1	1	1	89.857	99.0229	10.143	7.1984	0.911997	0.000216976	3.10215	0	1
169	1	1	1	88.602	98.9035	11.398	7.06078	0.90566	2.23601	4.19827	0	1
170	1	1	1	89.5034	98.9889	10.4966	7.58664	0.908249	1.4142	2.21916	0	1
171	1	1	1	88.4166	98.8865	11.5834	6.47706	0.907332	0.999994	3.15689	0	1
172	1	1	1	89.5861	98.9972	10.4139	7.09517	0.910978	1.41421	3.60413	0	1
173	1	1	1	89.7849	99.0163	10.2151	6.97952	0.912613	2.23607	3.83226	0	1
174	1	1	1	89.5612	98.9941	10.4388	7.81983	0.907496	1.64012	4.66077	0	1
175	1	1	1	91.967	99.2241	8.03304	7.92224	0.920179	1.47922	3.6581	0	1
176	1	1	1	89.1701	98.9571	10.8299	7.55272	0.906556	0.027	3.27711	0	1
177	1	1	1	88.1039	98.8549	11.8961	8.21021	0.897581	1.00003	3.65948	0	1
178	1	1	1	88.7159	98.9128	11.2841	8.52658	0.899562	1.41593	3.17147	0	1
179	1	1	1	89.1321	98.9536	10.8679	7.41758	0.906967	1.72614	3.45244	0	1
180	1	1	1	89.7402	99.0112	10.2598	7.8557	0.90832	1.51418	2.42807	0	1
181	1	1	1	91.3592	99.1855	8.64083	7.37643	0.919404	3.44131	3.89219	0	1
182	1	1	1	91.9393	99.2393	8.06073	7.99248	0.919707	1.08814	3.67196	0	1
183	1	1	1	92.8728	99.3063	7.12724	14.8388	0.894247	1.81458	2.78818	0	0
184	1	1	1	92.3672	99.2585	7.63278	13.3905	0.897825	1.96764	0.52104	1	1
185	1	1	1	94.4528	99.4605	5.54725	12.4828	0.912871	1.8922	2.49626	1	1
186	1	1	1	93.6553	99.3827	6.34465	13.7444	0.903138	2.36542	2.3623	1	1
187	1	1	1	92.1744	99.2404	7.82557	12.835	0.899221	2.0258	1.37455	1	1
188	1	1	1	94.2526	99.4415	5.7474	11.8585	0.914581	4.31883	3.74104	1	1
189	1	1	1	94.7223	99.4856	5.2777	14.4997	0.905472	1.09626	1.07915	1	1
190	1	1	1	94.3047	99.4464	5.69532	12.1805	0.913428	1.45356	1.82272	1	1
191	1	1	1	95.1206	99.5252	4.87937	12.3276	0.917054	1.98372	3.50709	1	1
192	1	1	1	93.762	99.3943	6.23802	11.4553	0.913783	1.91249	4.44425	1	1
193	1	1	1	93.2514	99.3441	6.74856	13.0675	0.903954	2.3718	4.40769	1	1
194	1	1	1	93.2359	99.3423	6.76414	13.4295	0.902288	3.47311	2.40685	1	1
195	1	1	1	96.6183	99.6776	3.38165	14.2416	0.916422	1.49604	4.38821	1	1
196	1	1	1	92.376	99.2606	7.62398	11.7119	0.905257	1.66608	2.66886	1	1
197	1	1	1	94.5301	99.4685	5.4699	11.477	0.917736	1.31778	1.58262	1	1
198	1	1	1	95.2098	99.5338	4.79023	12.5156	0.916689	1.65098	1.18702	1	1
199	1	1	1	94.0081	99.4182	5.99192	11.3478	0.915563	2.29311	4.11092	1	1
200	1	1	1	94.2157	99.4498	5.7843	14.1033	0.904533	2.25899	3.73522	1	1
201	1	1	1	93.2799	99.3462	6.72006	14.1198	0.899518	1.21897	2.26275	1	1
202	1	1	1	93.7707	99.3958	6.22932	10.3935	0.918581	1.48115	1.02704	1	1
203	1	1	1	94.4356	99.4603	5.56439	9.78395	0.924844	2.72002	1.64562	1	1
204	1	1	1	95.4166	99.5645	4.58343	11.6779	0.921479	1.91259	1.69771	1	1
205	1	1	1	93.299	99.3505	6.701	10.1446	0.917198	2.7885	0.790348	1	1
206	1	1	1	95.4244	99.5551	4.57558	11.3102	0.923159	1.46486	1.9588	1	1
207	1	1	1	92.8927	99.3105	7.10732	11.5278	0.908839	0.986775	1.49025	1	1
208	1	1	1	94.2845	99.4456	5.71548	9.93505	0.923364	1.71783	2.71401	1	1
209	1	1	1	90.5007	99.0823	9.49931	9.54094	0.904819	0.999511	2.00104	1	1
210	1	1	1	91.3417	99.1633	8.6583	9.03251	0.911711	0.998208	2.72535	1	0
211	1	1	1	91.3326	99.1628	8.66743	8.58435	0.913705	0.0112624	1.26422	1	0
212	1	1	1	90.0268	99.0386	9.97322	7.83235	0.910009	2.62253	3.18384	1	0
213	1	1	1	91.4689	99.1957	8.5311	7.5215	0.91933	1.58622	3.7795	1	0
214	1	1	1	91.8005	99.2267	8.19952	7.4518	0.92145	3.10727	2.18946	1	0
215	1	1	1	90.4791	99.1046	9.52089	5.84295	0.921742	1.03168	1.04546	1	0
216	1	1	1	88.2644	98.8994	11.7356	5.07794	0.913037	1.39936	2.30883	1	0
217	1	1	1	93.3458	99.3926	6.65418	6.6537	0.93346	1.03628	3.44009	1	0
218	1	1	1	89.9607	99.0867	10.0393	6.32483	0.916631	2.49073	1.50467	1	0
219	1	1	1	91.8226	99.2546	8.17743	6.54252	0.925794	0.847219	1.19016	1	0
220	1	1	1	90.5469	99.1393	9.45309	6.63613	0.918405	1.43617	2.42471	1	0
221	1	1	1	90.7714	99.1575	9.22857	9.35943	0.907121	1.99575	2.34925	1	0
222	1	1	1	90.4051	99.0983	9.59487	5.18792	0.924421	2.06508	1.08103	0	1
223	1	1	1	92.6814	99.3307	7.3186	9.2736	0.917842	2.32457	0.376849	0	1
224	1	1	1	92.0128	99.2716	7.98719	6.97978	0.924786	1.44118	1.35242	0	1
225	1	1	1	91.6571	99.2152	8.34291	4.94808	0.932398	1.42766	2.64569	0	1
226	1	1	1	91.2893	99.1801	8.71071	5.93873	0.925723	3.00601	3.24035	0	1
227	1	1	1	90.3021	99.0876	9.69786	6.39504	0.918184	1.98383	2.0721	0	1
228	1	1	1	89.4533	99.0092	10.5467	5.72212	0.916645	0.9948	3.02163	0	1
229	1	1	1	89.5595	99.0181	10.4405	6.82626	0.912077	3.16371	2.83266	0	1
230	1	1	1	89.7961	99.039	10.2039	8.0548	0.907715	1.99949	2.8297	0	1
231	1	1	1	90.6755	99.1221	9.32454	6.86398	0.918049	0.999846	2.00058	0	1
232	1	1	1	90.2999	99.0874	9.7001	6.41144	0.918096	2.02229	0.761659	0	1
233	1	1	1	90.7468	99.1548	9.25321	9.87294	0.904665	2.27769	0.914387	0	1
234	1	1	1	90.8333	99.1373	9.16674	6.23197	0.92186	3.00012	0.0381941	0	1
235	1	1	1	89.264	98.9914	10.736	5.93976	0.914573	2.12165	1.05413	0	1
236	1	1	1	90.4587	99.1016	9.5413	7.15152	0.915527	2.00192	0.0924634	0	1
237	1	1	1	89.2171	98.9853	10.7829	7.70657	0.906109	2.22444	1.23736	0	1
238	1	1	1	91.4468	99.1942	8.55325	6.75093	0.922783	2.23255	1.02377	0	1
239	1	1	1	91.1327	99.1657	8.86725	5.6706	0.92613	2.38408	0.234504	0	1
240	1	1	1	91.5391	99.2021	8.4609	7.68486	0.918957	2.15011	1.77364	0	1
241	1	1	1	90.193	99.0773	9.80695	6.58907	0.916679	3.00067	2.09667	0	1
242	1	1	1	91.5608	99.2049	8.43915	6.71469	0.923572	2.22765	1.72713	0	1
243	1	1	1	89.9195	99.051	10.0805	7.47834	0.911049	2.23862	0.1887	0	1
244	1	1	1	90.4124	99.0975	9.58761	6.8581	0.916634	2	1.02584	0	1
245	1	1	1	90.1318	99.0719	9.86823	6.2823	0.917773	3.26935	0.716706	0	1
246	1	1	1	89.418	99.0045	10.582	7.21551	0.909489	2.00202	1.95983	0	1
247	1	1	1	90.7673	99.1304	9.23266	7.11184	0.917402	2.00018	1.37857	0	1
248	1	1	1	89.8845	99.0482	10.1155	6.98252	0.91315	1.41994	1.97613	0	1
249	1	1	1	90.5431	99.1094	9.45687	7.24404	0.915561	1	1.99284	0	1
250	1	1	1	91.8785	99.2333	8.12145	8.41417	0.917443	2.23574	2.29785	0	1
251	1	1	1	90.4222	99.0981	9.57783	7.28006	0.914731	1.22053	3.55883	0	1
252	1	1	1	93.3532	99.3718	6.64684	8.19233	0.926373	2.1504	3.3714	0	1
253	1	1	1	93.0874	99.3463	6.91256	9.11629	0.920729	2.14059	2.94274	0	1
254	1	1	1	93.7673	99.4079	6.23271	13.2352	0.905953	1.26498	2.72117	0	0
255	1	1	1	93.2899	99.3496	6.71015	10.2576	0.91664	0.871789	2.18899	0	0
256	1	1	1	92.5754	99.2791	7.42464	12.6419	0.902218	2.27437	3.15657	0	0
257	1	1	1	93.9715	99.4144	6.02851	11.7446	0.913604	1.37662	2.07123	0	0
258	1	1	1	93.4821	99.3666	6.51788	12.6428	0.907043	1.11194	1.29646	0	0
259	1	1	1	94.9034	99.5041	5.09659	12.5379	0.91499	3.04931	1.03683	0	0
260	1	1	1	94.7108	99.4952	5.28923	17.1259	0.894187	1.71256	0.0280755	0	0
261	1	1	1	94.559	99.4804	5.44104	17.851	0.890344	2.14578	0.431956	0	0
262	1	1	1	95.1993	99.5333	4.80072	11.2236	0.922372	1.27393	1.21105	0	0
263	1	1	1	94.5539	99.4712	5.4461	10.6495	0.921563	2.58258	2.19317	0	0
264	1	1	1	96.071	99.6164	3.92896	14.9385	0.910585	1.07359	3.18764	0	0
265	1	1	1	95.5134	99.5637	4.48659	11.3252	0.923555	2.14671	3.12319	0	0
266	1	1	1	95.9178	99.6115	4.08222	12.8896	0.91872	2.39628	3.69263	0	0
267	1	1	1	95.1129	99.5242	4.88713	12.8897	0.914536	0.814736	3.38623	0	0
268	1	1	1	95.7882	99.5991	4.21182	13.3801	0.915896	1.63144	4.40159	1	1
269	1	1	1	95.5939	99.5798	4.40609	15.535	0.90555	0.820066	2.87571	1	1
270	1	1	1	93.3153	99.3507	6.68474	12.3039	0.907651	2.72032	3.61677	1	1
271	1	1	1	94.1214	99.4284	5.87859	12.5855	0.910675	2.35433	3.00016	1	1
272	1	1	1	94.0761	99.424	5.92393	12.6447	0.910175	2.88302	3.30005	1	1
273	1	1	1	93.9583	99.4142	6.04166	9.84551	0.922047	1.04964	3.16843	1	1
274	1	1	1	94.1099	99.429	5.89008	9.45835	0.924603	2.09742	3.57931	1	1
275	1	1	1	94.5842	99.4745	5.41581	10.0234	0.924542	1.23751	3.35063	1	1
276	1	1	1	93.5452	99.3749	6.45484	9.00462	0.923676	0.918768	2.76136	1	1
277	1	1	1	94.6212	99.4792	5.37882	7.69303	0.935388	0.97563	1.27373	1	1
278	1	1	1	94.0952	99.4272	5.90482	10.1729	0.921291	0.992689	2.27334	1	1
279	1	1	1	94.3187	99.4483	5.68126	11.1133	0.918248	2.23705	1.99993	1	1
280	1	1	1	93.2685	99.3478	6.7315	9.73856	0.91887	1.97197	2.70739	1	1
281	1	1	1	93.607	99.3793	6.39301	11.5687	0.912457	0.91	1.91222	1	1
282	1	1	1	93.6347	99.3821	6.36527	11.3816	0.913437	1.00042	1.94966	1	1
283	1	1	1	93.2398	99.3582	6.7602	13.1328	0.903607	1.46935	0.728592	1	1
284	1	1	1	94.7091	99.4859	5.29091	11.3258	0.91935	1.79986	3.09726	1	1
285	1	1	1	93.5769	99.3771	6.42315	10.3517	0.917742	2.93695	2.22023	1	1
286	1	1	1	94.0205	99.4195	5.97949	11.1275	0.916612	2.00073	2.62226	1	1
287	1	1	1	95.1472	99.5286	4.85284	10.6521	0.92466	2.14296	2.42621	1	1
288	1	1	1	93.029	99.323	6.97098	12.4446	0.905508	1.99933	2.26453	1	1
289	1	1	1	95.4247	99.5555	4.5753	10.4785	0.926889	0.999672	2.25302	1	1
290	1	1	1	94.3303	99.4491	5.66966	11.656	0.915889	2.99985	3.60867	1	1
291	1	1	1	95.5653	99.5683	4.43471	12.2502	0.919713	2.02207	1.22166	1	1
292	1	1	1	95.4239	99.5539	4.57606	13.9505	0.911515	1.27407	2.08695	1	1
293	1	1	1	94.8521	99.4983	5.1479	14.2105	0.907404	1.00199	1.52263	1	1
294	1	1	1	94.5871	99.4731	5.41288	13.3462	0.909783	1.84577	2.8878	1	1
295	1	1	1	95.4643	99.5584	4.53573	12.6145	0.917578	2.19632	0.91572	1	1
296	1	1	1	94.8866	99.488	5.1134	8.41892	0.933438	3.25502	0.974708	1	1
297	1	1	1	93.235	99.3217	6.76501	11.3754	0.911342	3.18687	1.99929	1	1
298	1	1	1	94.7282	99.4866	5.27182	13.6762	0.90908	3.00977	2.23486	1	1
299	1	1	1	94.2327	99.4209	5.76733	11.8507	0.91451	2.14648	1.41368	1	1
300	1	1	1	93.9754	99.4154	6.02458	10.6876	0.918343	1.06454	3.16219	1	1
301	1	1	1	94.1679	99.4345	5.83208	9.63592	0.924104	2.32735	0.999994	1	1
302	1	1	1	92.6995	99.2956	7.30048	6.01875	0.932974	1.03463	3.1953	0	1
303	1	1	1	91.7271	99.2024	8.27292	6.27755	0.926514	1.20679	2.01814	0	1
304	1	1	1	92.7125	99.2741	7.28755	5.28621	0.936496	1.98256	3.81242	0	1
305	1	1	1	92.5927	99.2609	7.40731	7.22874	0.926754	1.62636	0.979842	0	1
306	1	1	1	91.6581	99.1955	8.34193	6.60985	0.924588	2.32029	3.57905	0	1
307	1	1	1	90.8946	99.1426	9.10541	6.7581	0.919741	2.17319	2.4637	0	1
308	1	1	1	91.6646	99.2396	8.33537	7.6563	0.919769	1.11061	3.67898	0	1
309	1	1	1	93.3364	99.3901	6.66359	9.58903	0.919908	1.03243	3.80643	0	1
310	1	1	1	92.5844	99.3229	7.41555	7.7653	0.924228	1.05096	2.99347	0	1
311	1	1	1	94.0146	99.453	5.98536	7.16692	0.934625	1.59062	3.76546	0	1
312	1	1	1	92.1168	99.2812	7.88321	6.6496	0.926885	2.93641	2.79464	0	1
313	1	1	1	91.1374	99.1914	8.8626	8.33676	0.913776	2.22537	1.91746	0	1
314	1	1	1	91.1877	99.1702	8.81229	6.51452	0.922475	2.87847	4.42621	0	1
315	1	1	1	92.5839	99.3242	7.41609	5.5258	0.934673	3.48498	4.0263	0	1
316	1	1	1	92.8521	99.3468	7.14786	8.27105	0.923336	2.25457	2.88319	0	1
317	1	1	1	91.5757	99.2077	8.42431	4.7676	0.932812	3.93074	3.07829	0	1
318	1	1	1	93.7222	99.4254	6.27775	9.29075	0.923313	1.41727	4.27846	0	1
319	1	1	1	93.9001	99.4411	6.09985	10.2438	0.91994	2.22467	3.09853	0	1
320	1	1	1	91.5487	99.2297	8.45133	6.81642	0.923032	1.69243	2.83764	0	1
321	1	1	1	90.2807	99.0863	9.71933	5.67334	0.921448	2.42455	3.105	0	1
322	1	1	1	91.8246	99.2298	8.17542	6.28109	0.927026	2.06232	4.03037	0	1
323	1	1	1	91.9947	99.2685	8.00531	9.05553	0.915141	1.0187	4.17354	0	1
324	1	1	1	91.8942	99.2602	8.10578	7.95937	0.919615	2.00561	2.13912	0	1
325	1	1	1	91.4234	99.2173	8.57664	8.2624	0.915672	3.44966	2.34708	0	1
326	1	1	1	92.3764	99.3033	7.62358	8.78326	0.918439	3.00784	3.46858	0	1
327	1	1	1	92.4058	99.3054	7.59423	9.66597	0.914584	1.00213	2.79002	0	1
328	1	1	1	88.9609	98.9598	11.0391	9.41369	0.896898	2.5054	1.95914	0	1
329	1	1	1	90.456	99.0797	9.54399	7.68719	0.913037	2.28666	2.90453	0	1
330	1	1	1	87.5647	98.7649	12.4353	7.56864	0.897486	2.0733	1.10121	0	1
331	1	1	0	78.2156	97.6851	21.7844	8.26122	0.838877	0	0	0	1
332	1	0	0	66.7091	96.6055	33.2909	9.92177	0.75535	
333	0	0	0	NaN	100	NaN	Inf	NaN	
334	0	0	0	NaN	100	NaN	Inf	NaN	
335	0	0	0	NaN	100	NaN	Inf	NaN	
336	0	0	0	NaN	100	NaN	Inf	NaN	
337	0	0	0	NaN	100	NaN	Inf	NaN	
338	1	0	0	59.2387	95.6771	40.7613	4.95288	0.72158	
339	1	0	0	68.0339	96.2809	31.9661	6.92209	0.777726	
340	1	1	0	74.1894	96.9721	25.8106	7.84468	0.815116	0	0	0	1
341	1	1	0	84.1478	98.2636	15.8522	9.99733	0.866855	65.437	78.1025	0	1
342	1	1	0	87.5809	98.7095	12.4191	7.42997	0.898216	63.2535	74.6525	0	1
343	1	1	0	89.9273	98.9989	10.0727	5.8921	0.918472	59.6657	72.4707	0	1
344	1	1	0	93.2443	99.3469	6.75569	7.60104	0.928518	61.0737	70.4344	0	1
345	1	1	0	91.2758	99.1786	8.72416	6.27776	0.924062	58.8982	69.029	0	1
346	1	1	0	90.6545	99.119	9.34554	8.23685	0.911598	58.258	70.4344	0	1
347	1	1	0	91.4412	99.1928	8.5588	7.91724	0.917355	58.8982	69.814	0	1
348	1	1	0	89.9041	99.0283	10.0959	6.29213	0.916472	58.8982	69.6563	0	1
349	1	1	0	91.3239	99.1813	8.67613	8.50171	0.914036	58.8982	70.6045	0	1
350	1	1	0	90.9305	99.1441	9.06947	9.06492	0.909326	58.8982	68.2495	0	1
351	1	1	0	90.1996	99.0757	9.80038	9.10928	0.905124	58.1378	68.2495	0	1
352	1	1	0	89.909	99.0518	10.091	5.52121	0.920114	56.7274	69.2026	0	1
353	1	1	0	88.9582	98.9646	11.0418	4.27788	0.920721	56.0803	67.624	0	1
354	1	1	0	87.6189	98.84	12.3811	4.67585	0.911298	58.1378	67.0075	0	1
355	1	1	0	90.5885	99.1172	9.41145	2.92362	0.936257	58.1378	67.0075	0	1
356	1	1	0	88.3749	98.8851	11.6251	4.07999	0.918396	58.258	69.029	0	1
357	1	1	0	88.11	98.8594	11.89	4.61505	0.91436	1.41421	2.23607	0	1
358	1	1	1	89.2488	98.9668	10.7512	5.30545	0.917469	1.97231	2.71662	0	1
359	1	1	1	90.2837	99.0643	9.71629	6.52228	0.917489	2.19729	2.61155	0	1
360	1	1	1	89.257	98.9673	10.743	5.65745	0.915858	2.00018	3.07181	0	1
361	1	1	1	89.7014	99.0091	10.2986	6.14148	0.916055	1.4085	2.13227	0	1
362	1	1	1	88.4406	98.8886	11.5594	6.68172	0.906515	2.23716	2.18528	0	1
363	1	1	1	89.4427	98.9844	10.5573	6.25469	0.914092	1.4137	3.1466	0	1
364	1	1	1	90.3223	99.0675	9.67767	7.02409	0.915368	2.82827	2.02075	0	1
365	1	1	1	86.8531	98.7393	13.1469	5.47011	0.903199	2	4.10224	0	1
366	1	1	1	88.4593	98.8922	11.5407	4.9586	0.914696	2.23606	2.84723	0	1
367	1	1	1	89.4463	98.9867	10.5537	4.20719	0.923777	1.64013	1.00797	0	1
368	1	1	1	89.7029	98.9778	10.2971	4.93275	0.921752	4.57232	4.50144	0	1
369	1	1	1	87.2567	98.6808	12.7433	4.12078	0.91188	1.43302	1.78964	0	1
370	1	1	0	71.1759	96.8093	28.8241	4.77876	0.809025	0	0	0	1
371	1	0	0	54.4447	95.1829	45.5553	6.95004	0.674678	


Total frames in sequence 398
Face region detection (over 50%): 349 na 398 (87.69%)
Face region detection (over 70%): 326 na 398 (81.91%)
Eyes' corners detection: 275 na 344 (79.94%)
Eyes distance stats:
Difference OL: 1.97 (dev: 0.84), OR: 2.54 (dev: 1.13)
Face area stats:
TP: 92.04% (dev: 3.004008)
TN: 99.24% (dev: 0.311358)
FP: 7.96% (dev: 3.004008)
FN: 9.09% (dev: 3.037901)
F: 0.92
Face area stats:
Yawning events stats:
Success rate: 66.67%
TP: 2
FP: 0
FN: 1
F: 0.80
